90011|38.076244299999999,13.4916438
90046|37.9228387,13.243263199999999
90100|38.136429,13.340771
90121|38.091757899999998,13.4251691
90123|38.107492000000001,13.3789461
90124|38.082451599999999,13.393389000000001
90125|38.083522700000003,13.3616168
90126|38.071262099999998,13.332739800000001
90127|38.104298999999997,13.3616168
90128|38.094443699999999,13.345733600000001
90129|38.097238300000001,13.332739800000001
90131|38.088840900000001,13.315416799999999
90133|38.118412499999998,13.3630608
90134|38.1116229,13.354396899999999
90135|38.137292599999988,13.277891800000001
90136|38.116801000000002,13.2980962
90137|38.114706,13.315588
90138|38.117814000000003,13.345733600000001
90139|38.126961,13.357308
90141|38.127865399999997,13.3486213
90142|38.145832800000001,13.3616168
90143|38.141974599999998,13.3500652
90144|38.143305499999997,13.338514699999999
90145|38.1342529,13.3269652
90146|38.158607000000003,13.318303800000001
90147|38.183342099999997,13.283664099999999
90148|38.197315,13.278152
90149|38.179024,13.344299
90151|38.201440400000003,13.306756200000001
