38.130214899999999,13.336547299999999
38.1411734,13.3505658
37.623565599999999,13.252518200000001
38.108080999999999,13.357062300000001
38.128107300000003,13.354321499999999
38.142688,13.336691
38.136400600000002,13.346384199999999
38.134981600000003,13.3509238
38.134452099999997,13.347952299999999
38.150466100000003,13.3340175
38.175447499999997,13.2960887
38.137445300000003,13.3590508
38.127204499999998,13.3526644
38.140575599999998,13.311167899999999
38.1268156,13.353066500000001
38.151274899999997,13.3322529
38.147894899999997,13.338301700000001
38.1235815,13.350488199999999
38.114445500000002,13.3621879
38.122344599999998,13.3515344
38.124897099999998,13.3585853
38.115363700000003,13.3616612
38.125871500000002,13.353969299999999
38.101727400000001,13.3267206
38.161103900000001,13.326846400000001
38.1187909,13.352388299999999
38.121305,13.3522312
38.1170537,13.3653584
38.123266100000002,13.3535012
38.136895199999998,13.3507131
38.115674599999998,13.3684458
38.124124600000002,13.360862300000001
38.129360299999988,13.345229099999999
38.119024400000001,13.362212400000001
38.072032,13.5054672
38.128516699999999,13.334179300000001
38.151728800000001,13.3331213
38.129168700000001,13.3540642
38.145260899999997,13.3320086
38.122484200000002,13.308982200000001
38.125433399999999,13.333050800000001
38.126330000000003,13.361220599999999
38.121858699999997,13.360328900000001
38.173804699999998,13.3023249
38.107536799999998,13.3413188
38.137315899999997,13.3342288
38.136210299999988,13.341162300000001
38.127669500000003,13.3375263
38.131152800000002,13.337848299999999
38.128950799999998,13.348144
38.152118799999997,13.329001999999999
38.135734399999997,13.347255799999999
38.134284200000003,13.3473121
38.140014800000003,13.3494153
38.126866700000008,13.3572848
38.128678800000003,13.3513004
38.123979899999988,13.3543591
38.152745600000003,13.330472800000001
38.124167399999997,13.360216100000001
38.131948299999998,13.339632399999999
38.129851599999988,13.3542723
38.117000300000001,13.350674100000001
38.109631,13.3663179
38.104298999999997,13.3616168
38.132975999999999,13.3451716
38.118175800000003,13.3442393
38.126542800000003,13.340908600000001
38.133693000000001,13.3436963
38.124066599999999,13.360343500000001
38.139907800000003,13.3436579
38.127734599999997,13.326408300000001
38.133001800000002,13.350051499999999
38.125146399999998,13.3596857
38.132132600000013,13.344027199999999
38.122979399999998,13.3501382
38.147812399999999,13.3405915
38.159885099999997,13.161771099999999
37.590608699999997,14.0358897
38.045174799999998,13.1415655
38.152385199999998,13.332372700000001
38.1361524,13.3524145
38.137623300000001,13.351577799999999
38.142207399999997,13.3321086
38.144000400000003,13.3512077
38.173965699999997,13.3343445
38.1620749,13.321734599999999
38.124085299999997,13.348531700000001
38.095708100000003,13.348014300000001
38.125073399999998,13.346606100000001
37.976652100000003,13.7119439
38.099584299999997,13.321796000000001
38.118045799999997,13.361618
38.149182600000003,13.336354500000001
38.1231723,13.350963
38.146678199999997,13.339009799999999
38.125670800000002,13.3386516
38.143289300000013,13.348327400000001
38.135975899999998,13.344352300000001
38.110088099999999,13.3520594
38.108439400000002,13.345929999999999
38.093622799999999,13.3624787
38.151987599999998,13.328115800000001
38.141522799999997,13.352265600000001
38.126221200000003,13.3291591
38.107492000000001,13.3789461
38.161300199999999,13.325514800000001
38.115495000000003,13.360951399999999
38.106269699999999,13.3674166
38.106775399999997,13.353296500000001
38.1270661,13.3361242
38.126140800000002,13.357747399999999
38.1026886,13.3291126
38.137855299999998,13.339968900000001
38.136863599999998,13.343211699999999
38.130964300000002,13.3349753
38.1187909,13.352388299999999
38.135910099999997,13.3490272
38.123831600000003,13.351494600000001
38.117692099999999,13.3663407
38.129743499999996,13.325863699999999
38.165511899999998,13.3675774
38.109812300000002,13.358703200000001
38.197517400000002,13.315054099999999
38.138834699999997,13.3508569
38.127971899999999,13.3554171
38.128383599999999,13.345760500000001
38.118192800000003,13.3445052
38.128034300000003,13.3526905
38.126866700000008,13.3572848
38.130051899999998,13.3582736
38.123114000000001,13.3536932
38.134602400000013,13.339552299999999
38.126788599999998,13.365455600000001
38.136688100000001,13.345746999999999
38.082451599999999,13.393389000000001
38.143903899999998,13.3627322
38.134870399999997,13.3473083
38.099922500000012,13.3366676
37.720404299999998,13.4357098
38.024146399999999,12.788822100000001
38.119302699999999,13.352461099999999
37.976383299999988,13.7145399
38.123244499999998,13.3599423
38.192783299999988,13.335224999999999
38.153841300000003,13.333885199999999
38.128896500000003,13.3486203
38.124506500000003,13.358263000000001
38.126931800000008,13.3504159
38.126499299999999,13.3510966
38.122976700000002,13.3533755
38.1218194,13.353044799999999
38.082459999999998,13.3679706
38.124216099999998,13.347871700000001
38.126786699999997,13.362000200000001
38.125110399999997,13.351869300000001
38.1244309,13.3596849
38.123145000000001,13.3584931
38.123986000000002,13.3574377
38.162822299999988,13.3243429
38.126786699999997,13.362000200000001
38.122781000000003,13.3572813
38.150226099999998,13.364035899999999
38.135727899999999,13.337268
38.125092100000003,13.359980999999999
38.121481199999998,13.3550757
38.140910599999998,13.3353547
38.129580799999999,13.3330377
38.127545599999998,13.353263500000001
38.140988700000001,13.3486487
38.127545599999998,13.353263500000001
38.144739199999997,13.367887400000001
38.112870899999997,13.3712456
38.117952199999998,13.3625744
38.123240299999999,13.3583076
38.112685399999997,13.365482399999999
38.112626400000003,13.363587799999999
38.114445500000002,13.3621879
38.123145000000001,13.3584931
38.119907599999998,13.3588609
38.121317699999999,13.3553838
38.123145000000001,13.3584931
38.125608100000001,13.361366800000001
38.123145000000001,13.3584931
38.111460200000003,13.367104299999999
38.114130799999998,13.364777800000001
38.112626400000003,13.363587799999999
38.123145000000001,13.3584931
38.123240299999999,13.3583076
38.198199000000002,13.321028500000001
38.124299000000001,13.359402599999999
38.112831399999997,13.365415199999999
38.123145000000001,13.3584931
38.124391000000003,13.3600403
38.128132600000001,13.329351600000001
38.127327800000003,13.3299684
38.115641099999998,13.3757757
38.125312399999999,13.3560771
38.121552000000001,13.357661999999999
38.107845699999999,13.3815185
38.2104809,13.3285248
38.145305899999997,13.344111
38.101823899999999,13.398074100000001
38.168446799999998,13.3027564
38.112606,13.3597848
38.124070000000003,13.3630265
38.104537399999998,13.35252
38.125045800000002,13.3588939
38.1154747,13.360733
38.124343000000003,13.3593826
38.124024200000001,13.359260300000001
38.123960599999997,13.3585618
38.123145000000001,13.3584931
38.120878500000003,13.3617942
38.123426700000003,13.3590494
38.126744700000003,13.354520300000001
38.188336700000001,13.351723700000001
38.124928400000002,13.357198199999999
38.1175833,13.3674602
38.120301300000001,13.358605499999999
38.201217499999998,13.3259319
38.107987299999998,13.3653152
38.112831399999997,13.365415199999999
38.139338599999988,13.357980299999999
38.130299800000003,13.351289899999999
38.116517700000003,13.364807600000001
38.116400599999999,13.359595499999999
38.125641299999998,13.3552093
38.1179573,13.371582399999999
38.122274300000008,13.3582491
38.117734300000002,13.3666766
38.1283569,13.361581299999999
38.131043099999999,13.357498100000001
38.1421378,13.3516563
38.123362700000001,13.360871299999999
38.1153458,13.3608929
38.110384500000002,13.364803800000001
38.123268699999997,13.354091499999999
38.114084300000002,13.364633100000001
38.0756905,13.3100594
38.112380899999998,13.2954262
38.201624500000001,13.267685200000001
38.160211599999997,13.3313142
38.128534500000001,13.3523481
37.976833300000003,13.7107276
38.106227500000003,13.355293700000001
38.193269099999988,13.332467599999999
38.123919899999997,13.360358700000001
38.1267481,13.3507221
38.114068799999998,13.35759
38.119875,13.366104
38.105817399999999,13.369612500000001
38.105733700000002,13.332405400000001
38.074196299999997,13.453135700000001
38.179118600000002,13.2475138
38.048422599999988,13.121761299999999
38.122090300000004,13.3515476
38.122770699999997,13.3556229
38.094338999999998,13.308776399999999
38.110061899999998,13.365684399999999
38.160928400000003,13.3249888
38.085326299999998,13.346896299999999
38.1955004,13.3127046
38.110176699999997,13.368299800000001
38.1981976,13.275678600000001
38.118014799999997,13.3608262
38.120346699999999,13.3593884
38.110416099999988,13.3649284
38.119927400000002,13.353526499999999
38.112402799999998,13.3675014
38.113655999999999,13.369267600000001
38.199784200000003,13.3177118
38.115031600000002,13.366998300000001
38.107106700000003,13.3648919
38.115575100000001,13.364259000000001
38.156285099999998,13.3336101
38.1132323,13.3565451
38.123145000000001,13.3584931
38.1217799,13.3497617
38.120346699999999,13.3593884
38.118605100000003,13.372231899999999
38.124731599999997,13.3619667
38.112685399999997,13.365482399999999
38.1361901,13.350042
38.120999699999999,13.3603342
38.12556,13.356662999999999
38.136962500000003,13.359936100000001
38.154020899999999,13.3248072
38.118046700000001,13.360642800000001
38.112685399999997,13.365482399999999
38.115696,13.3670931
38.125453,13.358695900000001
38.112831399999997,13.365415199999999
38.115205899999999,13.348606500000001
38.118327700000002,13.361628899999999
38.207680400000001,13.3275667
38.188336700000001,13.351723700000001
38.118486500000003,13.361845199999999
38.102280100000002,13.3539238
38.126488100000003,13.3581632
38.112197600000002,13.366073500000001
38.121802500000001,13.360480900000001
38.1137175,13.365192499999999
38.1250286,13.357672300000001
38.1237377,13.351664599999999
38.136137099999999,13.3524665
38.120086499999999,13.364168599999999
38.111814699999996,13.358567600000001
38.126455200000002,13.3597141
38.195961500000003,13.328884800000001
38.109631,13.3663179
38.117348300000003,13.3653139
38.129410800000002,13.350812899999999
38.1981562,13.2778276
38.117814000000003,13.345733600000001
38.143763900000003,13.367060499999999
38.132268500000002,13.3439041
38.125520299999998,13.359657199999999
38.111280399999998,13.349641500000001
38.107905199999998,13.346634099999999
38.201448499999998,13.319730099999999
38.112335000000002,13.363607099999999
38.1250286,13.357672300000001
38.106362799999999,13.363226299999999
38.208452100000002,13.3226703
38.112161999999998,13.359502900000001
38.115679700000001,13.368442099999999
38.076402999999999,13.4401688
38.122768200000003,13.363196500000001
38.197456600000002,13.2772226
38.200215200000002,13.2788685
38.1187909,13.352388299999999
38.124097499999998,13.357768800000001
38.205631099999998,13.3250841
38.1082374,13.3662718
38.113962999999998,13.364582800000001
38.114033800000001,13.3648758
38.121802500000001,13.360480900000001
38.112831399999997,13.365415199999999
38.116524599999998,13.367155
38.118162599999998,13.3582038
38.118046700000001,13.360642800000001
38.126906400000003,13.356120600000001
38.131234900000003,13.3554587
38.1187027,13.3452158
38.137641899999998,13.3532446
38.110306700000002,13.3569773
38.1217799,13.3497617
38.204872899999998,13.322488399999999
38.208452100000002,13.3226703
38.114791699999998,13.3593464
38.091263499999997,13.396824799999999
38.129200900000001,13.353790200000001
38.112832999999988,13.3708989
38.118319300000003,13.359394200000001
38.117164099999997,13.3719251
38.1254378,13.360877500000001
38.130287099999997,13.3444801
38.122190400000001,13.3560365
38.110860299999999,13.344723500000001
38.1153458,13.3608929
38.102226399999999,13.355412899999999
38.118231199999997,13.363360699999999
38.116581799999999,13.349347699999999
38.1117214,13.3686133
38.1087408,13.3572434
38.1136549,13.365347
38.1156188,13.3646672
38.141635600000001,13.3535386
38.145615999999997,13.343768799999999
38.127583299999998,13.355379299999999
38.1116229,13.354396899999999
38.1207627,13.361795799999999
38.160055799999988,13.3085094
38.138933199999997,13.3526895
38.192653300000003,13.3337121
38.148578399999998,13.333296900000001
38.1248571,13.353763499999999
38.137227500000002,13.3494952
38.112415599999999,13.370011999999999
38.1508635,13.3297074
38.120902000000001,13.355374899999999
38.137656500000013,13.3400889
38.119781699999997,13.3552436
38.113017599999999,13.3650121
38.115927999999997,13.3639081
38.116525000000003,13.366129300000001
38.105033900000002,13.3694518
38.114918199999998,13.367403400000001
38.117769299999999,13.350836599999999
38.123694700000001,13.3509783
38.203851999999998,13.3242172
38.116801000000002,13.2980962
38.115575100000001,13.364259000000001
38.1169887,13.359336000000001
38.126273699999999,13.360474200000001
38.124018300000003,13.3575877
38.117130199999998,13.364978600000001
38.110808499999997,13.3556271
38.118482899999997,13.3539192
38.126866700000008,13.3572848
38.115420399999998,13.366480599999999
38.198081700000003,13.327517200000001
38.1116229,13.354396899999999
38.111428199999999,13.357242599999999
38.154080899999997,13.334507
38.111428199999999,13.357242599999999
38.209584499999998,13.3270404
38.050047900000003,13.116761
38.041013499999998,14.022065700000001
38.118573300000001,13.346941299999999
38.138587100000002,13.365941599999999
38.114130799999998,13.364777800000001
38.1244777,13.358106100000001
38.116437300000001,13.3634016
38.124770400000003,13.3546215
38.123299500000002,13.356510200000001
38.123860100000002,13.3572253
38.209584499999998,13.3270404
38.109945000000003,13.369006600000001
38.1215768,13.361575500000001
38.109945000000003,13.369006600000001
38.117814000000003,13.345733600000001
38.118557600000003,13.3683665
38.120440700000003,13.354418300000001
38.122759700000003,13.363039799999999
38.117552600000003,13.3676469
38.114918199999998,13.367403400000001
38.126007399999999,13.347167499999999
38.208475200000002,13.327620100000001
38.120075800000002,13.364892299999999
38.104393199999997,13.353941000000001
38.198044099999997,13.275305599999999
38.114925499999998,13.347479399999999
38.1142319,13.297142300000001
38.108572199999998,13.3548784
38.106227500000003,13.355293700000001
38.145305899999997,13.344111
38.123375899999999,13.360908
38.116665800000007,13.3602243
38.188336700000001,13.351723700000001
38.114084300000002,13.364633100000001
38.112465700000001,13.360744800000001
38.1421378,13.3516563
38.190274700000003,13.3453059
37.9997513,13.648743100000001
38.1890353,13.318663799999999
38.136694800000001,13.367648300000001
38.162792099999997,13.3136908
38.200101799999999,13.266431000000001
38.097258799999999,13.419143500000001
38.178372099999997,13.307839100000001
38.188386000000001,13.322380799999999
38.1814435,13.3190799
38.121394600000002,13.3622687
38.119440699999998,13.361439600000001
38.127628299999998,13.355413799999999
38.043383100000007,13.117313899999999
37.966010599999997,13.179065100000001
37.9131316,13.760287699999999
38.104494500000001,13.499655799999999
38.121995400000003,13.353139199999999
38.115742999999988,13.3645915
38.121583999999999,13.3607318
38.1283271,13.347989500000001
37.976990000000001,13.709868200000001
38.119047299999998,13.360661500000001
38.117065400000001,13.351615300000001
38.129838499999998,13.3504997
38.127165099999999,13.3542588
37.824299400000001,13.573496
38.1116229,13.354396899999999
38.119744099999998,13.358872699999999
38.121480599999998,13.353048599999999
38.132823500000001,13.343850399999999
38.116834099999998,13.3593662
38.126645099999998,13.3572974
38.136711400000003,13.3408585
38.1217234,13.355614599999999
38.130570599999999,13.345066299999999
38.145832800000001,13.3616168
38.121192500000006,13.3613672
38.120607100000001,13.360212199999999
38.126442300000001,13.3535384
38.120254099999997,13.3641217
38.168359500000001,13.3217923
38.1116229,13.354396899999999
38.116581400000001,13.3584093
38.1193332,13.359674
38.129817899999999,13.352996900000001
38.124874599999998,13.3596004
38.1511183,13.3300255
38.116197,13.372803899999999
38.1624725,13.331958
38.129861300000002,13.3357268
38.128436999999998,13.336546
38.1460261,13.334834900000001
38.134356199999999,13.3457697
38.121465700000002,13.353148600000001
38.119401500000002,13.365435099999999
38.118412499999998,13.3630608
38.1284797,13.354020999999999
38.127246300000003,13.3560984
38.114600199999998,13.365069099999999
38.119403699999999,13.3601364
38.116165299999999,13.357512699999999
38.131958300000001,13.3359177
38.123979899999988,13.3543591
38.130815299999988,13.3332634
38.114150000000002,13.366580000000001
38.124147600000001,13.3476613
38.114343900000001,13.3656145
38.188336700000001,13.351723700000001
38.145046700000002,13.3392926
38.118412499999998,13.3630608
38.121139999999997,13.3589764
38.137057300000002,13.3438143
38.117956900000003,13.3664731
38.139353999999997,13.3504887
38.119913500000003,13.359428299999999
38.118605100000003,13.372231899999999
38.114150000000002,13.366580000000001
38.122377899999996,13.354113399999999
38.137440400000003,13.3428247
38.117974599999997,13.3665106
38.134834300000001,13.346843399999999
37.976766900000001,13.711234899999999
38.112688200000001,13.3602834
38.126140100000001,13.3526794
38.116145600000003,13.3662961
38.114428400000001,13.368817999999999
38.124848999999998,13.359617699999999
38.118412499999998,13.3630608
38.119579600000002,13.3612526
38.116906299999997,13.368829399999999
38.119393000000002,13.3416953
38.117197300000001,13.3625097
38.124847899999999,13.3578911
38.125871500000002,13.353969299999999
38.125556199999998,13.356654199999999
38.117293500000002,13.35989
38.1179293,13.363524399999999
38.113504599999999,13.364599399999999
38.097320000000003,13.4191617
38.117420899999999,13.365744299999999
38.125488300000001,13.3617749
38.1183914,13.3639919
38.118258099999998,13.3665974
38.112038900000002,13.3564302
38.114780600000003,13.3600861
38.117347600000002,13.3592701
38.114692499999997,13.3658722
38.116576599999988,13.3726556
38.127981400000003,13.3592107
38.193269099999988,13.332467599999999
38.196787800000003,13.320072100000001
38.201794599999999,13.3267708
38.197846200000001,13.3161156
38.210223999999997,13.327625400000001
38.207859499999998,13.326730100000001
38.206045000000003,13.323997500000001
38.1974923,13.2748206
38.197839999999999,13.2738935
38.126293799999999,13.3551793
38.120995200000003,13.357283000000001
38.120646099999988,13.3588226
38.115624400000009,13.3700625
38.126646699999988,13.3511367
38.165197300000003,13.3685226
38.194219099999998,13.313037700000001
38.127865399999997,13.3486213
38.197769400000013,13.273216400000001
38.208260299999999,13.2824303
38.1985709,13.318653599999999
38.194830000000003,13.321345600000001
38.207014200000003,13.3260807
38.1977756,13.272971399999999
38.197789399999998,13.273558100000001
38.199238000000001,13.2760566
38.127799199999998,13.357357
37.859229900000003,14.154375
37.983672499999997,14.236474599999999
37.983600000000003,14.236297
38.117294600000001,13.369688999999999
38.190640700000003,13.332772200000001
38.206899900000003,13.3258387
38.200181499999999,13.2765021
38.197796199999999,13.273605999999999
38.197796199999999,13.273605999999999
38.197796199999999,13.273605999999999
38.197796199999999,13.273605999999999
38.197796199999999,13.273605999999999
38.197796199999999,13.273605999999999
38.197796199999999,13.273605999999999
38.197796199999999,13.273605999999999
38.197796199999999,13.273605999999999
38.197796199999999,13.273605999999999
38.197796199999999,13.273605999999999
38.197796199999999,13.273605999999999
38.197796199999999,13.273605999999999
38.197796199999999,13.273605999999999
38.197796199999999,13.273605999999999
38.197796199999999,13.273605999999999
38.197796199999999,13.273605999999999
38.197796199999999,13.273605999999999
38.197796199999999,13.273605999999999
38.197796199999999,13.273605999999999
38.124770400000003,13.3546215
38.123213999999997,13.3565588
38.120902000000001,13.355374899999999
38.127365900000001,13.352305899999999
38.123497999999998,13.3604871
38.112773199999999,13.3693034
38.117148800000002,13.365132300000001
38.125841899999998,13.3596322
38.116653900000003,13.3630095
38.124874599999998,13.3596004
38.139389700000002,13.3504653
38.116808399999996,13.3561722
38.117334199999988,13.351504200000001
38.128844600000001,13.347827799999999
38.1257169,13.349600799999999
38.123199799999988,13.3586224
38.123828699999997,13.348897300000001
38.121394600000002,13.3622687
38.125575300000001,13.358996400000001
38.115624400000009,13.3700625
38.125887300000002,13.354513799999999
38.125846299999999,13.3540928
38.117501399999988,13.359391199999999
38.119194899999997,13.3662051
38.124744,13.3492617
38.110889299999997,13.3571086
38.126865700000003,13.359379199999999
38.115479100000002,13.3499088
38.095027199999997,13.383704399999999
38.112229900000003,13.3581871
38.129620699999997,13.3544959
38.119438100000004,13.3410478
38.126866700000008,13.3572848
38.114640700000002,13.3712477
38.122414999999997,13.346859
38.1239262,13.348281699999999
38.125292000000002,13.3523958
38.123235200000003,13.353995400000001
38.125582299999998,13.361383699999999
38.119394000000007,13.347954100000001
38.101823899999999,13.398074100000001
38.117927000000002,13.3617189
38.116621799999997,13.3539028
38.078917799999999,13.512365000000001
38.130336200000002,13.354385499999999
38.101759899999998,13.3976656
38.117665000000002,13.367846399999999
38.117332400000002,13.359105400000001
38.094633000000002,13.308828800000001
38.109812300000002,13.358703200000001
38.120902000000001,13.355374899999999
38.1096808,13.3617486
38.114973399999997,13.3626871
38.123206400000008,13.353347599999999
38.123831600000003,13.351494600000001
38.114832100000001,13.364217500000001
38.124524100000002,13.358733000000001
38.131129399999999,13.3577423
38.120027800000003,13.3587528
38.165197300000003,13.3685226
38.150226099999998,13.364035899999999
38.124770400000003,13.3546215
38.123863700000001,13.3561478
38.123904899999999,13.3572519
37.976691000000002,13.712014399999999
38.1237414,13.356953499999999
38.133432200000001,13.348527600000001
38.114536299999997,13.374443400000001
38.101734999999998,13.326889299999999
38.116451900000001,13.366172300000001
38.127628299999998,13.355413799999999
38.117902899999997,13.366955900000001
38.120618499999999,13.3588342
38.118611799999996,13.368121800000001
38.097445399999998,13.417291199999999
